PLAYER;POS;TEAM;AGE;GP;W;L;MIN;PTS;FGM;FGA;FG%;3PM;3PA;3P%;FTM;FTA;FT%;OREB;DREB;REB;AST;TOV;STL;BLK;PF;FP;DD2;TD3;PLUS
Nikola Jokic;C;DEN;24;55;38;17;1789;1135;440;849;51.8;68;207;32.9;187;231;81;134;429;563;380;165;64;37;172;2518.6;35;11;227
Montrezl Harrell;C;LAC;26;54;37;17;1533;1016;416;722;57.6;0;16;0;184;290;63.4;146;236;382;96;98;35;61;128;1808.4;9;0;199
LaMarcus Aldridge;C;SAS;34;50;21;29;1661;954;372;743;50.1;59;145;40.7;151;182;83;98;281;379;121;71;32;82;120;1861.3;14;0;-113
Domantas Sabonis;C;IND;23;52;30;22;1798;949;379;701;54.1;13;58;22.4;178;245;72.7;158;491;649;251;142;38;27;174;2157.3;41;4;163
Karl-Anthony Towns;C;MIN;24;35;10;25;1187;926;316;622;50.8;114;277;41.2;180;226;79.6;95;283;378;153;110;33;42;117;1724.1;24;0;-15
Andre Drummond;C;CLE;26;51;18;33;1705;903;373;706;52.8;3;25;12;154;265;58.1;238;566;804;142;183;99;85;179;2449.8;44;0;-143
Joel Embiid;C;PHI;25;39;25;14;1188;893;290;622;46.6;51;152;33.6;262;325;80.6;104;361;465;125;117;31;53;136;1773.5;30;0;104
Jaren Jackson Jr.;C;MEM;20;52;28;24;1463;891;321;686;46.8;131;330;39.7;118;158;74.7;52;196;248;73;90;35;87;212;1574.1;3;0;-90
Bam Adebayo;C;MIA;22;54;35;19;1865;855;334;577;57.9;1;11;9.1;186;273;68.1;140;422;562;266;145;67;64;130;2176.4;31;3;164
Nikola Vucevic;C;ORL;29;44;19;25;1415;834;335;731;45.8;74;215;34.4;90;116;77.6;115;361;476;164;65;39;41;100;1826.2;27;0;-7
Rudy Gobert;C;UTA;27;52;35;17;1797;810;310;450;68.9;0;0;0;190;310;61.3;193;565;758;79;102;35;101;160;2144.1;42;0;330
Hassan Whiteside;C;POR;30;51;25;26;1570;803;332;542;61.3;2;4;50;137;193;71;203;515;718;60;98;21;154;152;2181.6;41;0;62
Jonas Valanciunas;C;MEM;27;51;26;25;1327;758;320;545;58.7;27;72;37.5;91;126;72.2;144;394;538;96;91;22;62;136;1708.6;26;0;-3
Serge Ibaka;C;TOR;30;44;31;13;1197;710;288;548;52.6;55;136;40.4;79;107;73.8;90;262;352;60;85;24;37;121;1320.4;15;0;61
Tristan Thompson;C;CLE;28;50;14;36;1531;605;253;494;51.2;7;14;50;92;144;63.9;207;309;516;103;95;32;44;111;1511.7;23;0;-366
Jarrett Allen;C;BKN;21;53;25;28;1410;586;229;357;64.1;0;5;0;128;203;63.1;165;348;513;74;59;33;77;126;1583.6;23;0;72
Brook Lopez;C;MIL;31;52;44;8;1391;552;204;476;42.9;72;242;29.8;72;87;82.8;32;201;233;85;51;37;135;121;1424.1;3;0;416
Cody Zeller;C;CHA;27;50;15;35;1154;548;216;423;51.1;17;70;24.3;99;144;68.8;140;215;355;73;64;33;23;126;1187.5;9;0;-204
Clint Capela;C;ATL;25;39;22;17;1279;543;244;388;62.9;0;0;0;55;104;52.9;168;369;537;48;63;33;72;102;1511.4;27;0;60
Myles Turner;C;IND;23;45;25;20;1307;535;188;417;45.1;65;189;34.4;94;123;76.4;52;224;276;56;60;32;87;112;1247.2;5;0;-6
Steven Adams;C;OKC;26;49;30;19;1322;524;218;374;58.3;1;3;33.3;87;148;58.8;163;292;455;126;75;35;56;100;1457;18;0;129
Bobby Portis;C;NYK;25;55;17;38;1142;519;204;473;43.1;55;158;34.8;56;75;74.7;75;215;290;86;59;28;10;96;1051;5;0;-175
Richaun Holmes;C;SAC;26;37;14;23;1087;484;204;309;66;0;0;0;76;93;81.7;113;201;314;37;46;39;52;144;1143.3;13;0;7
Mitchell Robinson;C;NYK;21;51;16;35;1154;468;200;274;73;0;0;0;68;117;58.1;146;195;341;28;33;45;94;169;1303.2;4;0;-136
Ivica Zubac;C;LAC;22;55;37;18;980;442;177;294;60.2;0;2;0;88;120;73.3;140;246;386;58;47;11;55;130;1143.2;6;0;109
Wendell Carter Jr.;C;CHI;20;37;13;24;1109;433;166;309;53.7;6;28;21.4;95;129;73.6;130;236;366;44;62;30;33;142;1065.2;17;0;25
Deandre Ayton;C;PHX;21;23;10;13;760;431;193;358;53.9;0;2;0;45;56;80.4;91;185;276;50;44;17;37;72;955.2;15;0;63
Larry Nance Jr.;C;CLE;27;45;11;34;1128;427;172;326;52.8;45;129;34.9;38;56;67.9;81;247;328;88;46;38;21;70;1083.6;9;0;-165
Dwight Howard;C;LAL;34;53;41;12;1049;414;169;229;73.8;3;5;60;73;156;46.8;141;273;414;35;65;22;69;171;1171.3;8;0;177
Jaxson Hayes;C;NOP;19;52;23;29;928;412;152;229;66.4;1;4;25;107;171;62.6;82;140;222;50;40;22;51;138;932.4;3;0;-24
Daniel Theis;C;BOS;27;48;32;16;1100;400;162;296;54.7;20;65;30.8;56;78;71.8;102;197;299;77;39;32;65;164;1126.3;4;0;161
Enes Kanter;C;BOS;27;42;27;15;783;385;164;280;58.6;1;7;14.3;56;80;70;122;223;345;43;45;17;35;78;974.5;8;0;176
Aron Baynes;C;PHX;33;33;15;18;756;378;146;298;49;42;126;33.3;44;61;72.1;54;136;190;62;39;7;19;116;738;2;0;-41
Thomas Bryant;C;WAS;22;29;10;19;738;373;151;257;58.8;15;44;34.1;56;75;74.7;59;156;215;64;41;10;26;66;794;7;0;-157
Willie Cauley-Stein;C;DAL;26;50;13;37;1051;373;167;291;57.4;0;1;0;39;63;61.9;80;216;296;67;39;49;58;118;1110.7;3;0;-121
DeAndre Jordan;C;BKN;31;45;22;23;958;364;150;224;67;0;0;0;64;92;69.6;107;339;446;88;63;16;46;87;1154.2;9;0;-71
JaVale McGee;C;LAL;32;51;40;11;858;364;159;247;64.4;3;6;50;43;67;64.2;97;198;295;33;39;26;81;120;1049.5;2;0;169
Kelly Olynyk;C;MIA;28;48;32;16;934;362;121;267;45.3;60;155;38.7;60;69;87;33;187;220;70;51;31;15;117;818;3;0;31
Nerlens Noel;C;OKC;25;46;28;18;859;361;146;217;67.3;1;3;33.3;68;86;79.1;75;162;237;50;46;48;67;115;1019.4;3;0;7
Frank Kaminsky;C;PHX;26;32;12;20;718;352;127;279;45.5;39;112;34.8;59;88;67;30;128;158;71;33;13;10;69;684.1;1;0;-32
Alex Len;C;SAC;26;40;9;31;745;349;142;260;54.6;14;56;25;51;81;63;69;161;230;42;39;20;33;93;808;7;0;-132
Gorgui Dieng;C;MEM;30;47;14;33;791;348;127;283;44.9;47;123;38.2;47;59;79.7;74;185;259;60;45;39;43;91;949.8;6;0;-90
Derrick Favors;C;NOP;28;36;17;19;859;341;154;247;62.3;1;5;20;32;53;60.4;115;242;357;66;48;20;36;82;988.4;14;0;63
Bismack Biyombo;C;CHA;27;45;14;31;866;338;130;240;54.2;0;0;0;78;127;61.4;107;156;263;39;40;9;37;97;810.1;7;0;-134
Mason Plumlee;C;DEN;29;43;30;13;750;317;127;210;60.5;0;4;0;63;114;55.3;79;160;239;105;63;23;27;95;848.3;2;0;6
Taj Gibson;C;NYK;34;52;17;35;857;301;135;236;57.2;3;11;27.3;28;40;70;93;131;224;47;40;23;23;107;738.3;0;0;-215
Damian Jones;C;ATL;24;51;14;37;850;300;118;172;68.6;2;8;25;62;84;73.8;71;123;194;32;28;26;38;139;744.8;0;0;-246
Meyers Leonard;C;MIA;27;49;34;15;987;300;116;223;52;51;119;42.9;17;26;65.4;27;221;248;53;35;13;15;103;726.1;2;0;95
Moritz Wagner;C;WAS;22;26;10;16;527;295;114;193;59.1;23;63;36.5;44;56;78.6;36;113;149;33;49;18;15;95;573.3;2;0;-29
Jakob Poeltl;C;SAS;24;54;23;31;922;292;129;206;62.6;0;0;0;34;68;50;98;197;295;97;44;26;80;93;1065.5;2;0;57
Mo Bamba;C;ORL;21;50;22;28;747;273;111;237;46.8;29;86;33.7;22;32;68.8;75;174;249;33;39;20;72;93;858.3;1;0;22
Marc Gasol;C;TOR;35;35;27;8;974;272;98;231;42.4;50;124;40.3;26;36;72.2;29;197;226;122;43;28;33;101;866.2;3;0;243
Nicolo Melli;C;NOP;29;43;19;24;681;263;92;205;44.9;49;131;37.4;30;39;76.9;24;96;120;47;32;24;14;82;559.5;0;0;-61
Ian Mahinmi;C;WAS;33;33;14;19;725;261;96;191;50.3;5;24;20.8;64;101;63.4;71;129;200;44;43;24;43;99;725;1;0;-51
Robin Lopez;C;MIL;31;50;42;8;684;259;108;216;50;20;71;28.2;23;43;53.5;45;83;128;33;41;7;34;57;544.1;0;0;58
Thon Maker;C;DET;22;52;19;33;662;243;79;154;51.3;17;51;33.3;68;102;66.7;48;90;138;33;41;20;32;86;573.1;2;0;-86
Jahlil Okafor;C;NOP;24;27;9;18;420;214;88;144;61.1;1;2;50;37;58;63.8;46;71;117;36;36;7;19;62;450.4;2;0;-102
Luke Kornet;C;CHI;24;35;11;24;544;210;80;183;43.7;30;105;28.6;20;28;71.4;22;62;84;31;13;10;26;51;452.3;0;0;-30
Dewayne Dedmon;C;ATL;30;37;14;23;619;206;81;197;41.1;18;82;22;26;31;83.9;47;141;188;17;52;18;36;105;567.1;3;0;-10
Cheick Diallo;C;PHX;23;38;14;24;420;193;81;121;66.9;1;2;50;30;35;85.7;24;89;113;20;26;10;11;51;395.6;1;0;-62
Bruno Fernando;C;ATL;21;45;13;32;550;182;77;152;50.7;4;31;12.9;24;39;61.5;55;96;151;38;40;15;16;87;473.2;1;0;-35
Tony Bradley;C;UTA;22;41;28;13;420;181;80;123;65;0;0;0;21;34;61.8;71;104;175;11;21;10;16;83;464.5;0;0;-28
Mike Muscala;C;OKC;28;37;21;16;463;176;59;147;40.1;40;112;35.7;18;22;81.8;12;76;88;31;13;7;10;46;366.1;0;0;4
Boban Marjanovic;C;DAL;31;28;15;13;255;162;66;121;54.5;3;9;33.3;27;37;73;36;77;113;11;20;4;5;39;321.1;3;0;58
Khem Birch;C;ORL;27;38;15;23;773;153;56;113;49.6;0;1;0;41;67;61.2;70;110;180;35;23;16;21;73;509.5;0;0;-89
Anzejs Pasecniks;C;WAS;24;20;7;13;370;139;54;102;52.9;0;2;0;31;50;62;37;57;94;17;22;8;10;58;309.3;0;0;4
Willy Hernangomez;C;CHA;25;24;4;20;254;137;53;101;52.5;5;20;25;26;46;56.5;30;56;86;16;22;6;5;28;275.2;1;0;-25
Goga Bitadze;C;IND;20;42;24;18;362;128;52;108;48.1;4;25;16;20;29;69;22;65;87;19;21;3;27;50;329.9;1;0;-23
Noah Vonleh;C;DEN;24;30;10;20;359;123;48;87;55.2;3;15;20;24;30;80;35;85;120;26;20;11;6;38;337;0;0;-48
Isaiah Hartenstein;C;HOU;21;23;16;7;266;107;44;67;65.7;0;5;0;19;28;67.9;29;61;90;18;16;9;12;41;289;2;0;40
Kyle O'Quinn;C;PHI;29;22;15;7;221;76;32;64;50;7;21;33.3;5;11;45.5;27;54;81;32;18;4;17;29;266.2;1;0;-37
Robert Williams III;C;BOS;22;19;14;5;269;74;33;49;67.3;0;0;0;8;14;57.1;23;64;87;21;16;17;21;34;307.9;0;0;2
Ante Zizic;C;CLE;23;16;2;14;159;69;28;49;57.1;0;0;0;13;15;86.7;14;41;55;3;5;6;4;20;164.5;1;0;2
Kevon Looney;C;GSW;24;15;5;10;176;43;18;51;35.3;1;7;14.3;6;9;66.7;22;24;46;11;7;7;4;25;140.7;0;0;-57
Mfiondu Kabengele;C;LAC;22;12;9;3;64;42;14;32;43.8;9;20;45;5;5;100;1;10;11;2;2;2;2;9;68.2;0;0;-1
Vincent Poirier;C;BOS;26;18;16;2;108;35;14;30;46.7;1;2;50;6;7;85.7;9;24;33;7;6;2;6;22;103.1;0;0;-6
Tyson Chandler;C;HOU;37;26;15;11;219;34;14;18;77.8;0;0;0;6;13;46.2;25;41;66;6;8;6;8;32;156.2;0;0;30
Ed Davis;C;UTA;30;25;15;10;268;33;14;34;41.2;0;0;0;5;11;45.5;29;66;95;8;13;10;9;55;203;0;0;-88
Tacko Fall;C;BOS;24;6;5;1;24;19;9;12;75;0;0;0;1;3;33.3;0;11;11;0;3;0;2;5;35.2;0;0;7
Moses Brown;C;POR;20;9;4;5;33;11;4;10;40;0;0;0;3;8;37.5;3;11;14;1;3;1;1;7;32.3;0;0;-33
Justin Patton;C;OKC;22;5;2;3;24;9;4;10;40;1;4;25;0;0;0;1;4;5;2;2;0;0;4;16;0;0;-16
Dewan Hernandez;C;TOR;23;4;4;0;11;4;1;5;20;0;1;0;2;2;100;2;5;7;0;1;1;0;6;14.4;0;0;1
Marques Bolden;C;CLE;21;1;0;1;3;0;0;0;0;0;0;0;0;0;0;0;2;2;0;0;1;0;1;5.4;0;0;4
Wilson Chandler;F;BKN;32;25;11;14;517;156;57;133;42.9;25;83;30.1;17;19;89.5;8;101;109;31;27;15;8;54;375.3;0;0;-112
Naz Reid;F;MIN;20;19;5;14;216;140;51;122;41.8;22;61;36.1;16;21;76.2;14;38;52;14;12;6;10;44;259.4;0;0;26
Alen Smailagic;F;GSW;19;12;1;11;118;56;19;36;52.8;3;11;27.3;15;18;83.3;8;16;24;9;9;2;4;12;107.3;0;0;-13
Johnathan Williams;F;WAS;24;11;6;5;135;35;16;25;64;0;2;0;3;5;60;15;28;43;6;4;1;6;11;112.6;0;0;-47
Louis King;F;DET;20;10;3;7;62;20;8;21;38.1;4;11;36.4;0;3;0;1;9;10;5;2;2;0;10;43.5;0;0;19
Rayjon Tucker;F;UTA;22;12;10;2;74;19;8;19;42.1;0;6;0;3;5;60;2;9;11;2;3;1;0;7;35.2;0;0;-8
Kevin Hervey;F;OKC;23;6;3;3;13;0;0;5;0;0;4;0;0;0;0;0;2;2;1;0;0;0;1;3.9;0;0;-4
Vic Law;F;ORL;24;3;0;3;4;0;0;2;0;0;1;0;0;2;0;0;0;0;0;0;0;0;0;0;0;0;3
Luguentz Dort;G;OKC;20;20;15;5;416;115;41;102;40.2;15;50;30;18;24;75;11;19;30;12;12;15;1;54;205;0;0;36
Gary Payton II;G;WAS;27;23;11;12;406;104;44;107;41.1;12;40;30;4;8;50;25;48;73;45;19;32;7;48;357.1;1;0;-143
Amir Coffey;G;LAC;22;6;2;4;54;19;9;18;50;1;5;20;0;1;0;2;5;7;3;2;1;1;4;35.9;0;0;13
Adam Mokoka;G;CHI;21;6;1;5;22;15;6;15;40;3;7;42.9;0;2;0;4;0;4;0;0;1;0;1;22.8;0;0;13
Justin Anderson;G;BKN;26;3;2;1;17;3;1;6;16.7;0;3;0;1;2;50;0;2;2;0;0;0;1;2;8.4;0;0;-8
Matt Mooney;G;CLE;23;2;0;2;5;2;1;2;50;0;1;0;0;0;0;0;1;1;1;0;0;1;1;7.7;0;0;2
Josh Reaves;G;DAL;22;2;1;1;1;0;0;1;0;0;0;0;0;0;0;0;0;0;0;0;0;0;0;0;0;0;-5
Giannis Antetokounmpo;PF;MIL;25;48;41;7;1482;1438;529;963;54.9;73;233;31.3;307;500;61.4;118;528;646;280;176;52;51;149;2766.2;43;4;492
Anthony Davis;PF;LAL;26;46;36;10;1595;1225;428;825;51.9;49;155;31.6;320;375;85.3;95;330;425;151;111;72;109;112;2393.5;23;0;214
Brandon Ingram;PF;NOP;22;47;18;29;1601;1169;401;847;47.3;118;295;40;249;289;86.2;41;259;300;199;140;45;35;133;1927.5;8;0;-72
Jayson Tatum;PF;BOS;21;50;36;14;1707;1121;406;916;44.3;131;343;38.2;178;219;81.3;51;296;347;146;109;69;44;106;1986.4;7;0;401
Pascal Siakam;PF;TOR;25;44;34;10;1538;1033;385;841;45.8;93;257;36.2;170;212;80.2;52;280;332;152;105;44;39;122;1803.4;10;0;300
Julius Randle;PF;NYK;25;53;17;36;1741;1023;384;844;45.5;55;208;26.4;200;281;71.2;122;389;511;170;163;43;18;147;1911.2;23;0;-191
Danilo Gallinari;PF;OKC;31;47;26;21;1443;908;282;636;44.3;140;344;40.7;204;227;89.9;31;236;267;107;63;32;4;60;1433.9;3;0;157
Marcus Morris Sr.;PF;LAC;30;46;15;31;1487;874;295;668;44.2;121;280;43.2;163;198;82.3;50;200;250;64;77;36;20;138;1361;3;0;-115
Kevin Love;PF;CLE;31;46;11;35;1439;812;274;600;45.7;119;313;38;145;170;85.3;40;409;449;138;114;28;15;73;1572.8;19;0;-301
Kristaps Porzingis;PF;DAL;24;42;24;18;1283;774;266;639;41.6;97;277;35;145;187;77.5;68;315;383;62;70;30;79;132;1583.6;17;0;198
Aaron Gordon;PF;ORL;24;49;22;27;1580;694;261;615;42.4;60;195;30.8;112;166;67.5;85;274;359;154;76;38;24;96;1465.8;13;0;-126
Lauri Markkanen;PF;CHI;22;46;17;29;1395;690;233;550;42.4;101;294;34.4;123;149;82.6;57;241;298;70;77;39;22;92;1258.6;3;0;-76
Duncan Robinson;PF;MIA;25;54;35;19;1573;681;225;492;45.7;191;436;43.8;40;45;88.9;8;167;175;75;42;28;13;157;1084.5;1;0;211
Nemanja Bjelica;PF;SAC;31;54;21;33;1535;665;251;518;48.5;111;247;44.9;52;61;85.2;90;254;344;149;79;47;32;167;1459.3;6;0;-78
Robert Covington;PF;HOU;29;52;17;35;1538;664;233;538;43.3;119;344;34.6;79;99;79.8;42;270;312;63;79;87;52;164;1470.9;3;0;-15
Eric Paschall;PF;GSW;23;50;11;39;1334;662;253;525;48.2;29;103;28.2;127;164;77.4;69;165;234;85;76;29;12;106;1117.3;4;0;-310
Davis Bertans;PF;WAS;27;44;16;28;1291;660;213;488;43.6;156;368;42.4;78;90;86.7;31;172;203;79;42;32;29;108;1163.1;1;0;24
John Collins;PF;ATL;22;30;10;20;967;619;251;439;57.2;38;107;35.5;79;97;81.4;78;228;306;41;52;19;49;110;1199.7;16;0;-170
Jerami Grant;PF;DEN;25;54;37;17;1424;610;217;464;46.8;73;184;39.7;103;141;73;48;150;198;61;45;35;48;116;1143.1;0;0;-68
Carmelo Anthony;PF;POR;35;40;18;22;1299;602;230;556;41.4;55;157;35;87;104;83.7;52;213;265;60;70;33;19;118;1096;4;0;7
Al Horford;PF;PHI;33;50;30;20;1543;601;244;554;44;72;220;32.7;41;56;73.2;77;258;335;193;52;44;45;106;1507.5;4;0;103
Christian Wood;PF;DET;24;53;19;34;1014;594;208;368;56.5;40;104;38.5;138;187;73.8;78;226;304;43;61;24;45;75;1169.3;8;0;76
Brandon Clarke;PF;MEM;23;47;27;20;1025;580;243;390;62.3;21;50;42;73;92;79.3;66;204;270;67;44;25;39;78;1152.5;2;0;8
Doug McDermott;PF;IND;28;55;32;23;1134;572;215;443;48.5;106;240;44.2;36;45;80;22;120;142;60;33;7;4;96;832.4;0;0;133
Kyle Kuzma;PF;LAL;24;44;35;9;1086;553;204;467;43.7;64;193;33.2;81;109;74.3;41;152;193;58;71;16;18;80;902.6;2;0;110
P.J. Washington;PF;CHA;21;47;17;30;1414;549;209;451;46.3;59;157;37.6;72;110;65.5;42;215;257;96;74;44;38;130;1173.4;4;0;-169
Thaddeus Young;PF;CHI;31;54;19;35;1296;522;214;485;44.1;60;177;33.9;34;58;58.6;76;180;256;92;86;64;17;107;1124.2;1;0;-141
Dorian Finney-Smith;PF;DAL;26;55;33;22;1635;517;184;399;46.1;89;233;38.2;60;83;72.3;112;196;308;83;55;38;30;129;1160.1;3;0;217
Markieff Morris;PF;DET;30;44;14;30;988;486;175;389;45;75;189;39.7;61;79;77.2;24;149;173;69;70;26;11;104;838.1;1;0;-96
Rudy Gay;PF;SAS;33;51;21;30;1072;486;177;403;43.9;48;151;31.8;84;97;86.6;43;228;271;87;69;21;23;72;1004.7;4;0;-2
Maxi Kleber;PF;DAL;28;54;32;22;1347;483;168;367;45.8;86;227;37.9;61;68;89.7;86;197;283;55;38;15;58;120;1086.1;1;0;123
Jabari Parker;PF;SAC;24;32;6;26;837;480;198;393;50.4;31;115;27;53;72;73.6;54;137;191;58;60;42;15;93;907.2;2;0;-133
Dario Saric;PF;PHX;25;48;20;28;1189;462;173;391;44.2;58;185;31.4;58;68;85.3;73;215;288;90;59;30;12;107;1009.6;8;0;-45
Marquese Chriss;PF;GSW;22;50;12;38;959;434;165;308;53.6;8;35;22.9;96;127;75.6;94;190;284;85;65;32;53;98;1092.3;4;0;-184
Paul Millsap;PF;DEN;35;35;23;12;855;424;147;309;47.6;37;84;44;93;109;85.3;70;138;208;56;42;32;23;97;880.6;4;0;230
P.J. Tucker;PF;HOU;34;54;34;20;1887;398;141;324;43.5;79;217;36.4;37;44;84.1;83;293;376;88;58;63;23;181;1181.2;6;0;160
Dwight Powell;PF;DAL;28;40;25;15;1061;376;146;229;63.8;10;39;25.6;74;111;66.7;75;152;227;59;36;34;22;102;868.9;1;0;195
Ersan Ilyasova;PF;MIL;32;50;42;8;810;371;133;282;47.2;44;118;37.3;61;73;83.6;56;196;252;45;29;20;14;78;813.9;4;0;139
Omari Spellman;PF;MIN;22;49;11;38;886;370;127;295;43.1;43;110;39.1;73;92;79.3;77;142;219;47;54;33;24;63;820.3;1;0;-144
Draymond Green;PF;GSW;29;41;10;31;1194;339;120;309;38.8;36;125;28.8;63;83;75.9;23;238;261;255;94;58;33;105;1213.7;8;2;-189
Royce O'Neale;PF;UTA;26;54;36;18;1579;318;114;256;44.5;66;162;40.7;24;29;82.8;19;260;279;137;46;39;21;156;992.3;2;0;245
Michael Porter Jr.;PF;DEN;21;39;29;10;556;311;121;238;50.8;38;88;43.2;31;39;79.5;43;128;171;29;30;17;18;66;634.7;5;0;38
Mike Scott;PF;PHI;31;55;34;21;947;303;109;275;39.6;61;179;34.1;24;27;88.9;44;142;186;31;20;17;4;66;615.7;0;0;85
Chris Boucher;PF;TOR;27;47;34;13;607;297;103;223;46.2;22;81;27.2;69;89;77.5;81;120;201;20;20;17;41;87;722.2;3;0;73
JaMychal Green;PF;LAC;29;46;31;15;952;294;102;256;39.8;61;172;35.5;29;40;72.5;66;228;294;34;40;22;17;120;774.8;6;0;107
Trey Lyles;PF;SAS;24;54;23;31;993;291;112;258;43.4;45;127;35.4;22;32;68.8;63;241;304;55;32;18;22;80;826.3;1;0;-26
Marvin Williams;PF;MIL;33;42;13;29;827;284;97;214;45.3;45;119;37.8;45;52;86.5;16;97;113;41;25;26;22;74;600.1;0;0;-91
Georges Niang;PF;UTA;26;48;33;15;652;281;100;218;45.9;62;149;41.6;19;22;86.4;11;77;88;32;22;12;5;57;463.6;0;0;-71
Blake Griffin;PF;DET;30;18;8;10;512;279;88;250;35.2;27;111;24.3;76;98;77.6;17;67;84;59;40;7;7;27;470.3;2;0;-26
Maurice Harkless;PF;NYK;26;51;35;16;1166;279;114;224;50.9;27;76;35.5;24;42;57.1;48;157;205;50;46;50;30;122;794;0;0;54
Darius Bazley;PF;OKC;19;53;32;21;909;238;88;230;38.3;30;100;30;32;47;68.1;21;175;196;29;40;20;35;45;641.7;0;0;-65
Jeff Green;PF;UTA;33;30;18;12;553;233;75;195;38.5;34;104;32.7;49;63;77.8;14;67;81;20;27;12;10;46;399.2;0;0;-107
Zion Williamson;PF;NOP;19;10;5;5;274;221;83;144;57.6;4;11;36.4;51;78;65.4;35;40;75;22;28;7;4;17;349;2;0;74
Patrick Patterson;PF;LAC;30;45;29;16;578;219;71;178;39.9;50;134;37.3;27;34;79.4;29;88;117;29;15;6;3;40;414.9;0;0;88
Grant Williams;PF;BOS;21;52;38;14;810;197;71;165;43;20;70;28.6;35;49;71.4;51;87;138;55;43;22;29;124;555.1;0;0;144
Skal Labissiere;PF;ATL;23;33;14;19;567;190;81;147;55.1;3;13;23.1;25;33;75.8;65;104;169;42;30;7;31;89;539.8;1;0;12
Marvin Bagley III;PF;SAC;20;13;2;11;334;185;78;167;46.7;4;22;18.2;25;31;80.6;29;68;97;10;18;6;12;43;352.4;3;0;-89
John Henson;PF;DET;29;32;7;25;452;164;70;130;53.8;6;31;19.4;18;34;52.9;35;92;127;44;24;17;36;57;517.4;1;0;-40
Harry Giles III;PF;SAC;21;28;12;16;349;157;70;128;54.7;0;0;0;17;21;81;24;73;97;33;25;14;9;64;366.9;0;0;-61
Daniel Gafford;PF;CHI;21;33;12;21;420;154;67;100;67;0;0;0;20;38;52.6;39;39;78;14;18;9;42;60;403.6;0;0;-53
Semi Ojeleye;PF;BOS;25;51;36;15;762;154;51;129;39.5;28;80;35;24;27;88.9;20;76;96;28;10;18;4;56;367.2;0;0;2
Juancho Hernangomez;PF;MIN;24;37;21;16;512;152;53;145;36.6;21;74;28.4;25;38;65.8;30;83;113;26;19;7;6;37;346.6;1;0;15
Jake Layman;PF;MIN;25;14;8;6;369;147;61;132;46.2;19;54;35.2;6;10;60;12;29;41;11;18;12;10;31;260.7;0;0;15
Anthony Tolliver;PF;SAC;34;42;19;23;636;138;46;134;34.3;32;104;30.8;14;21;66.7;29;92;121;32;25;12;10;60;372.2;1;0;-155
Kenrich Williams;PF;NOP;25;35;12;23;779;132;49;143;34.3;25;96;26;9;24;37.5;49;129;178;53;21;25;21;81;542.1;0;0;-48
James Johnson;PF;MIN;32;21;11;10;361;130;49;109;45;21;55;38.2;11;20;55;12;55;67;34;24;12;17;44;324.4;0;0;23
Chris Silva;PF;MIA;23;37;24;13;289;113;41;65;63.1;0;2;0;31;45;68.9;51;53;104;18;30;9;17;75;312.8;0;0;-8
Gary Clark;PF;ORL;25;30;17;13;369;107;36;93;38.7;27;80;33.8;8;9;88.9;25;51;76;13;4;4;13;28;264.7;0;0;0
Jordan Bell;PF;MEM;25;27;8;19;235;83;32;60;53.3;2;9;22.2;17;29;58.6;28;50;78;14;18;2;10;17;215.6;0;0;-8
D.J. Wilson;PF;MIL;23;26;24;2;235;80;32;79;40.5;11;45;24.4;5;7;71.4;6;46;52;18;12;1;4;22;172.4;0;0;-21
Al-Farouq Aminu;PF;ORL;29;18;7;11;380;78;25;86;29.1;9;36;25;19;29;65.5;24;63;87;21;17;18;8;27;274.9;1;0;-35
TJ Leaf;PF;IND;22;22;13;9;180;67;28;66;42.4;5;14;35.7;6;10;60;20;40;60;6;6;7;3;17;172;1;0;-10
Cristiano Felicio;PF;CHI;27;15;5;10;267;62;24;39;61.5;0;2;0;14;18;77.8;38;33;71;10;12;6;1;25;171.2;0;0;-56
Nicolas Claxton;PF;BKN;20;14;5;9;183;62;26;46;56.5;1;7;14.3;9;19;47.4;19;24;43;16;9;1;8;14;155.6;0;0;-59
Caleb Swanigan;PF;POR;22;18;9;9;199;40;18;36;50;0;2;0;4;10;40;21;47;68;16;23;2;6;40;146.6;0;0;-66
Chimezie Metu;PF;SAS;22;15;7;8;64;38;16;29;55.2;0;0;0;6;8;75;9;14;23;5;3;1;4;3;85.1;0;0;12
Wenyen Gabriel;PF;POR;22;18;5;13;119;33;12;31;38.7;2;12;16.7;7;12;58.3;7;12;19;4;7;5;4;17;81.8;0;0;-46
Johnathan Motley;PF;LAC;24;13;8;5;41;28;11;15;73.3;1;1;100;5;7;71.4;3;7;10;8;5;3;0;6;56;0;0;3
Jalen McDaniels;PF;CHA;22;5;2;3;65;27;10;16;62.5;4;7;57.1;3;3;100;2;10;12;1;0;3;0;5;51.9;0;0;-3
Zach Collins;PF;POR;22;3;2;1;86;27;9;19;47.4;3;7;42.9;6;6;100;4;8;12;6;6;0;2;11;50.4;0;0;19
Drew Eubanks;PF;SAS;23;8;5;3;42;23;10;15;66.7;0;0;0;3;3;100;6;11;17;2;5;0;1;5;44.4;0;0;-39
Tyler Cook;PF;CLE;22;11;3;8;35;19;7;10;70;0;0;0;5;6;83.3;4;6;10;1;1;1;0;4;34.5;0;0;-14
Alize Johnson;PF;IND;23;11;8;3;46;18;7;14;50;0;0;0;4;6;66.7;6;9;15;2;1;0;0;6;38;0;0;6
Dean Wade;PF;CLE;23;10;1;9;54;16;7;10;70;2;3;66.7;0;1;0;2;14;16;1;3;2;3;7;48.7;0;0;0
Amile Jefferson;PF;ORL;26;18;5;13;74;15;5;14;35.7;0;0;0;5;14;35.7;10;13;23;4;3;1;3;7;57.6;0;0;18
Juwan Morgan;PF;UTA;22;13;10;3;53;15;7;13;53.8;1;4;25;0;0;0;5;9;14;1;3;0;1;6;33.3;0;0;22
Jarred Vanderbilt;PF;MIN;20;11;6;5;47;12;5;8;62.5;0;1;0;2;2;100;3;6;9;2;7;3;1;6;30.8;0;0;-28
Jonah Bolden;PF;PHX;24;5;5;0;41;10;4;9;44.4;0;2;0;2;4;50;3;5;8;0;2;2;2;8;29.6;0;0;5
Eric Mika;PF;SAC;25;1;0;1;19;6;2;3;66.7;0;0;0;2;2;100;2;5;7;0;0;0;0;5;14.4;0;0;8
Ryan Anderson;PF;HOU;31;2;1;1;14;5;2;7;28.6;1;5;20;0;0;0;0;7;7;2;1;1;0;1;18.4;0;0;7
Udonis Haslem;PF;MIA;39;2;2;0;11;5;1;1;100;0;0;0;3;4;75;0;3;3;0;0;0;0;3;8.6;0;0;-7
Tariq Owens;PF;PHX;24;3;0;3;15;4;1;5;20;0;2;0;2;2;100;2;1;3;0;0;1;0;1;10.6;0;0;-16
Henry Ellenson;PF;BKN;23;5;2;3;15;2;1;7;14.3;0;4;0;0;0;0;2;4;6;1;0;0;0;1;10.7;0;0;12
Jarrell Brantley;PF;UTA;23;3;0;3;11;0;0;0;0;0;0;0;0;0;0;0;5;5;1;1;0;2;1;12.5;0;0;5
Kostas Antetokounmpo;PF;LAL;22;3;3;0;5;0;0;0;0;0;0;0;0;0;0;0;1;1;1;0;0;0;0;2.7;0;0;-2
Damian Lillard;PG;POR;29;54;25;29;1996;1594;507;1102;46;212;539;39.3;368;414;88.9;28;207;235;429;158;52;18;91;2571.5;16;1;47
Trae Young;PG;ATL;21;50;13;37;1760;1483;459;1035;44.3;173;469;36.9;392;460;85.2;29;191;220;459;243;58;5;83;2381.5;21;2;-220
Luka Doncic;PG;DAL;20;44;28;16;1442;1271;418;898;46.5;129;399;32.3;306;400;76.5;62;358;420;381;183;45;7;108;2319.5;29;12;232
Russell Westbrook;PG;HOU;31;45;29;16;1621;1223;473;1021;46.3;43;181;23.8;234;298;78.5;74;286;360;324;197;73;16;163;2211;19;8;134
Collin Sexton;PG;CLE;21;54;14;40;1737;1069;410;891;46;72;197;36.5;177;206;85.9;55;117;172;146;118;53;7;113;1556.4;0;0;-370
Dennis Schroder;PG;OKC;26;54;32;22;1685;1042;388;822;47.2;109;282;38.7;157;186;84.4;18;189;207;218;140;35;13;120;1621.4;0;0;236
Kemba Walker;PG;BOS;29;46;32;14;1481;1001;332;773;42.9;156;402;38.8;181;209;86.6;31;158;189;230;97;45;25;73;1685.8;2;0;235
Devonte' Graham;PG;CHA;24;54;18;36;1901;979;313;825;37.9;190;508;37.4;163;201;81.1;41;155;196;420;157;49;14;102;1876.2;16;0;-159
Terry Rozier;PG;CHA;25;53;17;36;1814;945;331;792;41.8;138;358;38.5;145;167;86.8;43;198;241;218;126;55;10;111;1630.2;2;0;-379
Chris Paul;PG;OKC;34;54;33;21;1716;940;329;679;48.5;88;243;36.2;194;216;89.8;19;253;272;361;113;85;8;125;1973.9;8;0;250
Ben Simmons;PG;PHI;23;53;33;20;1926;897;359;615;58.4;2;6;33.3;177;282;62.8;107;314;421;441;191;115;31;173;2310.7;30;6;86
Jamal Murray;PG;DEN;22;45;32;13;1455;849;316;696;45.4;82;238;34.5;135;151;89.4;34;143;177;214;99;56;13;80;1490.4;2;0;217
Ja Morant;PG;MEM;20;48;27;21;1435;846;321;651;49.3;38;106;35.8;166;212;78.3;32;138;170;340;154;48;13;76;1589;9;1;18
Kyle Lowry;PG;TOR;33;43;30;13;1569;844;257;612;42;123;345;35.7;207;242;85.5;26;178;204;327;125;53;18;137;1667.3;11;2;184
Derrick Rose;PG;DET;31;45;16;29;1180;817;333;679;49;41;134;30.6;110;128;85.9;24;87;111;260;111;36;14;46;1379.2;4;0;-46
Eric Bledsoe;PG;MIL;30;46;40;6;1246;721;265;552;48;56;165;33.9;135;163;82.8;35;184;219;246;110;43;22;101;1437.8;1;0;385
De'Aaron Fox;PG;SAC;22;36;12;24;1135;709;256;547;46.8;35;115;30.4;162;238;68.1;25;126;151;252;118;53;20;103;1369.2;7;0;-96
Goran Dragic;PG;MIA;33;43;28;15;1217;691;235;526;44.7;96;250;38.4;125;167;74.9;19;109;128;217;109;26;7;80;1160.1;2;0;89
Malcolm Brogdon;PG;IND;27;41;25;16;1262;680;249;568;43.8;56;173;32.4;126;139;90.6;33;159;192;301;104;27;8;76;1362.9;9;0;64
Darius Garland;PG;CLE;20;53;14;39;1616;648;246;625;39.4;96;273;35.2;60;69;87;23;77;100;204;140;38;2;84;1054;1;0;-293
Patty Mills;PG;SAS;31;54;23;31;1245;633;216;497;43.5;130;333;39;71;86;82.6;18;68;86;103;46;43;5;77;988.7;0;0;98
Coby White;PG;CHI;20;55;19;36;1337;612;223;602;37;98;290;33.8;68;91;74.7;25;167;192;132;80;41;4;91;1095.4;0;0;-177
Ricky Rubio;PG;PHX;29;47;20;27;1472;576;202;504;40.1;51;151;33.8;121;146;82.9;35;172;207;403;124;64;9;117;1523.9;14;1;63
Ish Smith;PG;WAS;31;53;20;33;1400;571;240;524;45.8;48;135;35.6;43;64;67.2;26;142;168;250;68;44;22;75;1277.6;0;0;-74
Tomas Satoransky;PG;CHI;28;55;19;36;1575;565;206;463;44.5;59;173;34.1;94;106;88.7;57;144;201;294;106;71;7;112;1375.2;2;0;-12
Lonzo Ball;PG;NOP;22;47;19;28;1503;559;209;523;40;111;303;36.6;30;53;56.6;53;232;285;317;139;60;23;93;1486.5;11;3;-32
Kyrie Irving;PG;BKN;27;20;8;12;658;548;199;416;47.8;56;142;39.4;94;102;92.2;22;81;103;128;52;27;10;53;922.6;3;1;-7
Jeff Teague;PG;ATL;31;48;17;31;1252;544;179;414;43.2;37;100;37;149;171;87.1;21;99;120;275;100;39;16;91;1165.5;3;0;-141
Derrick White;PG;SAS;25;52;23;29;1237;528;181;395;45.8;48;134;35.8;118;139;84.9;27;133;160;177;62;29;42;107;1136.5;0;0;13
Dejounte Murray;PG;SAS;23;50;21;29;1228;518;211;435;48.5;28;74;37.8;68;86;79.1;59;231;290;198;94;82;13;108;1354;4;0;-152
Isaiah Thomas;PG;WAS;31;40;14;26;925;488;174;426;40.8;78;189;41.3;62;76;81.6;11;57;68;146;76;13;6;77;769.6;1;0;-201
Aaron Holiday;PG;IND;23;49;30;19;1117;483;181;436;41.5;74;179;41.3;47;54;87;18;90;108;168;62;35;11;88;940.6;2;0;92
Monte Morris;PG;DEN;24;55;38;17;1163;467;188;410;45.9;47;117;40.2;44;55;80;19;78;97;199;36;40;11;52;998.9;0;0;66
Jalen Brunson;PG;DAL;23;55;33;22;1002;460;178;382;46.6;43;119;36.1;61;74;82.4;22;111;133;183;65;21;4;71;904.1;2;0;162
Mike Conley;PG;UTA;32;32;19;13;893;433;149;380;39.2;57;158;36.1;78;100;78;19;84;103;133;59;22;4;71;775.1;0;0;33
George Hill;PG;MIL;33;44;38;6;928;428;153;283;54.1;67;131;51.1;55;67;82.1;40;93;133;132;42;32;4;63;851.6;0;0;219
D.J. Augustin;PG;ORL;32;39;19;20;1013;417;128;326;39.3;47;136;34.6;114;130;87.7;15;80;95;184;54;27;1;44;837;0;0;49
Shabazz Napier;PG;WAS;28;40;12;28;934;387;126;310;40.6;54;175;30.9;81;98;82.7;20;100;120;202;85;44;8;68;905;2;1;-68
Tyus Jones;PG;MEM;23;54;28;26;1018;374;156;333;46.8;34;88;38.6;28;36;77.8;7;78;85;243;47;46;6;34;949.5;0;0;-84
Kris Dunn;PG;CHI;25;51;19;32;1269;373;152;342;44.4;29;112;25.9;40;54;74.1;23;163;186;173;68;101;17;158;1141.7;0;0;-29
T.J. McConnell;PG;IND;27;53;31;22;1015;363;165;315;52.4;4;13;30.8;29;35;82.9;27;115;142;277;74;39;11;56;1024.9;2;0;44
Brad Wanamaker;PG;BOS;30;53;38;15;999;351;117;273;42.9;29;77;37.7;88;96;91.7;13;92;105;142;58;39;11;98;782;0;0;109
Elfrid Payton;PG;NYK;25;36;13;23;988;350;153;356;43;14;59;23.7;30;56;53.6;43;126;169;247;72;61;16;74;1082.3;4;1;-87
Cory Joseph;PG;SAC;28;54;21;33;1338;345;133;325;40.9;40;117;34.2;39;48;81.3;32;111;143;185;59;37;18;102;900.1;0;0;-51
Patrick Beverley;PG;LAC;31;40;30;10;1121;338;125;291;43;64;176;36.4;24;38;63.2;51;180;231;159;54;49;25;127;1021.7;4;0;203
Emmanuel Mudiay;PG;UTA;23;45;31;14;724;327;128;274;46.7;26;72;36.1;45;62;72.6;16;93;109;104;62;18;9;59;632.8;0;0;26
De'Anthony Melton;PG;MEM;21;41;21;20;755;325;118;269;43.9;21;77;27.3;68;82;82.9;27;122;149;122;60;54;13;73;827.8;0;0;134
Rajon Rondo;PG;LAL;33;38;29;9;797;295;117;273;42.9;37;105;35.2;24;33;72.7;18;109;127;201;77;30;2;48;767.9;2;0;56
Frank Ntilikina;PG;NYK;21;49;15;34;1009;282;105;275;38.2;34;112;30.4;38;44;86.4;20;88;108;147;64;45;16;122;751.1;0;0;-78
Ky Bowman;PG;GSW;22;40;9;31;875;280;110;275;40;31;95;32.6;29;35;82.9;20;79;99;118;55;36;6;89;646.8;0;0;-111
Frank Jackson;PG;NOP;21;44;20;24;581;259;91;224;40.6;33;104;31.7;44;57;77.2;15;41;56;37;39;15;4;61;399.7;0;0;-64
Ryan Arcidiacono;PG;CHI;25;51;19;32;765;214;74;180;41.1;46;113;40.7;20;28;71.4;16;72;88;79;30;21;3;81;480.1;0;0;-73
Reggie Jackson;PG;DET;29;14;4;10;381;209;76;198;38.4;31;82;37.8;26;33;78.8;11;30;41;72;23;8;1;21;370.2;1;0;48
Michael Carter-Williams;PG;ORL;28;32;13;19;567;206;73;177;41.2;12;46;26.1;48;62;77.4;30;71;101;87;34;35;16;54;576.7;0;0;-13
Elie Okobo;PG;PHX;22;45;19;26;608;190;63;157;40.1;23;64;35.9;41;61;67.2;14;59;73;98;29;22;4;45;473.6;0;0;-9
Yogi Ferrell;PG;SAC;26;42;16;26;467;183;67;164;40.9;19;66;28.8;30;35;85.7;6;40;46;57;23;14;4;28;354.7;0;0;-17
Tyler Johnson;PG;PHX;27;31;11;20;515;178;65;171;38;24;83;28.9;24;32;75;10;42;52;50;24;12;8;43;351.4;0;0;-101
Brandon Goodwin;PG;ATL;24;26;9;17;355;173;63;159;39.6;23;73;31.5;24;24;100;10;53;63;40;25;11;4;36;328.6;0;0;-95
Jevon Carter;PG;PHX;24;40;17;23;578;172;62;152;40.8;35;83;42.2;13;16;81.3;21;55;76;55;28;30;11;56;440.7;0;0;-42
Raul Neto;PG;PHI;27;44;25;19;480;172;67;153;43.8;24;63;38.1;14;18;77.8;11;37;48;64;35;20;5;37;365.6;0;0;13
Quinn Cook;PG;LAL;26;34;27;7;387;171;71;160;44.4;23;60;38.3;6;9;66.7;7;32;39;38;23;10;1;20;284.8;0;0;85
Dennis Smith Jr.;PG;NYK;22;30;7;23;465;156;60;176;34.1;14;48;29.2;22;46;47.8;19;51;70;84;51;19;8;56;396;0;0;-154
J.J. Barea;PG;DAL;35;17;8;9;263;153;58;128;45.3;23;50;46;14;14;100;8;26;34;63;21;3;1;12;279.3;0;0;31
Trey Burke;PG;PHI;27;25;13;12;329;147;59;127;46.5;16;38;42.1;13;18;72.2;15;20;35;53;12;7;1;21;280.5;0;0;38
Chris Clemons;PG;HOU;22;28;18;10;246;139;50;124;40.3;33;93;35.5;6;7;85.7;3;20;23;21;17;6;5;20;214.1;0;0;-48
Dante Exum;PG;CLE;24;32;8;24;430;135;49;108;45.4;11;36;30.6;26;36;72.2;9;48;57;39;29;13;5;34;286.9;0;0;-108
Jordan McLaughlin;PG;MIN;23;19;4;15;362;127;50;110;45.5;17;50;34;10;15;66.7;3;29;32;73;14;19;2;17;323.9;1;0;-21
Matthew Dellavedova;PG;CLE;29;46;12;34;565;120;42;128;32.8;11;67;16.4;25;28;89.3;12;40;52;120;41;15;1;62;369.4;0;0;-9
Shaquille Harrison;PG;CHI;26;33;11;22;253;112;41;93;44.1;7;21;33.3;23;31;74.2;8;37;45;31;12;17;7;28;272.5;1;0;56
Tim Frazier;PG;DET;29;27;9;18;355;97;34;94;36.2;10;30;33.3;19;24;79.2;9;24;33;93;36;14;4;42;294.1;0;0;-54
Carsen Edwards;PG;BOS;21;33;23;10;296;96;33;103;32;19;62;30.6;11;13;84.6;5;36;41;22;15;10;3;27;202.2;0;0;-34
Edmond Sumner;PG;IND;24;20;8;12;268;86;35;80;43.8;8;26;30.8;8;13;61.5;8;21;29;28;15;13;6;28;204.8;0;0;-20
Ty Jerome;PG;PHX;22;21;9;12;247;84;32;85;37.6;11;35;31.4;9;12;75;6;29;35;37;14;14;3;23;218.5;0;0;-85
Brandon Knight;PG;DET;28;17;3;14;254;82;29;90;32.2;20;68;29.4;4;13;30.8;3;17;20;31;20;6;2;21;156.5;0;0;-56
PJ Dozier;PG;DEN;23;15;11;4;221;82;34;83;41;7;26;26.9;7;11;63.6;5;25;30;26;11;7;5;27;182;0;0;4
Stephen Curry;PG;GSW;31;4;1;3;112;81;27;66;40.9;9;37;24.3;18;18;100;4;16;20;26;15;5;2;10;150;1;0;-32
Evan Turner;PG;MIN;31;19;3;16;251;62;25;67;37.3;0;5;0;12;14;85.7;8;30;38;38;26;9;8;20;189.6;0;0;-65
Derrick Walton Jr.;PG;LAC;24;23;14;9;222;50;17;36;47.2;9;21;42.9;7;9;77.8;2;13;15;22;4;4;0;19;109;0;0;4
Chris Chiozza;PG;BKN;24;14;4;10;146;34;13;43;30.2;8;21;38.1;0;0;0;0;18;18;34;10;12;2;12;138.6;0;0;60
Tremont Waters;PG;BOS;22;9;7;2;73;28;10;28;35.7;2;15;13.3;6;6;100;0;7;7;10;8;5;2;10;64.4;0;0;21
Jeremy Pargo;PG;GSW;33;3;0;3;44;25;11;22;50;3;7;42.9;0;1;0;1;2;3;8;4;1;0;8;39.6;0;0;0
Justin Robinson;PG;WAS;22;9;2;7;49;13;5;12;41.7;3;5;60;0;0;0;1;4;5;7;3;0;1;2;29.5;0;0;31
Gabe Vincent;PG;MIA;23;4;2;2;41;12;4;19;21.1;4;16;25;0;0;0;0;3;3;3;0;1;0;2;23.1;0;0;-3
Josh Magette;PG;ORL;30;8;3;5;38;12;5;15;33.3;1;4;25;1;2;50;1;5;6;5;5;3;1;4;33.7;0;0;1
Jalen Lecque;PG;PHX;19;4;1;3;26;10;4;10;40;0;4;0;2;2;100;0;0;0;2;1;0;0;2;12;0;0;-22
Shamorie Ponds;PG;TOR;21;4;4;0;11;9;3;5;60;1;2;50;2;2;100;0;1;1;2;0;0;1;2;16.2;0;0;0
Jordan Bone;PG;DET;22;9;3;6;48;6;3;17;17.6;0;8;0;0;0;0;0;1;1;8;2;1;0;6;20.2;0;0;-9
Frank Mason;PG;MIL;25;4;4;0;18;5;1;7;14.3;1;4;25;2;4;50;1;1;2;5;1;1;0;2;16.9;0;0;17
Nigel Williams-Goss;PG;UTA;25;9;5;4;28;4;1;7;14.3;0;2;0;2;2;100;2;3;5;5;2;1;1;2;21.5;0;0;7
Jared Harper;PG;PHX;22;3;1;2;8;2;1;4;25;0;2;0;0;0;0;0;0;0;0;0;0;0;0;2;0;0;-11
Jeremiah Martin;PG;BKN;23;2;2;0;11;2;1;4;25;0;0;0;0;0;0;0;1;1;1;0;1;0;0;7.7;0;0;3
Josh Gray;PG;NOP;26;2;1;1;23;2;1;2;50;0;0;0;0;0;0;1;1;2;2;5;0;0;1;2.4;0;0;-7
LeBron James;SF;LAL;35;51;40;11;1779;1274;488;998;48.9;109;316;34.5;189;275;68.7;51;348;399;551;206;66;22;89;2637.3;38;12;435
Kawhi Leonard;SF;LAC;28;42;31;11;1364;1141;398;860;46.3;89;238;37.4;256;286;89.5;43;272;315;222;128;76;29;81;2039;12;1;320
Bojan Bogdanovic;SF;UTA;30;53;36;17;1763;1112;367;808;45.4;169;398;42.5;209;233;89.7;30;188;218;112;135;30;6;94;1514.6;0;0;313
Tobias Harris;SF;PHI;27;55;34;21;1884;1046;409;866;47.2;98;270;36.3;130;162;80.2;37;333;370;166;82;39;31;123;1867;8;0;139
Andrew Wiggins;SF;GSW;24;45;12;33;1554;1011;374;830;45.1;99;290;34.1;164;228;71.9;49;178;227;167;115;36;41;108;1649.9;2;1;-105
Kelly Oubre Jr.;SF;PHX;24;53;20;33;1825;1003;355;781;45.5;106;295;35.9;187;237;78.9;62;287;349;79;81;66;38;182;1771.3;9;0;-64
T.J. Warren;SF;IND;26;52;32;20;1678;963;386;728;53;57;153;37.3;134;168;79.8;47;146;193;71;60;63;24;140;1502.1;0;0;63
Khris Middleton;SF;MIL;28;47;39;8;1389;961;350;698;50.1;114;260;43.8;147;163;90.2;36;253;289;202;95;45;7;101;1671.8;5;0;423
Jimmy Butler;SF;MIA;30;46;31;15;1582;949;284;622;45.7;28;113;24.8;353;422;83.6;85;230;315;281;105;82;25;65;1964.5;10;3;214
Dillon Brooks;SF;MEM;24;54;28;26;1528;848;308;746;41.3;111;288;38.5;121;145;83.4;53;130;183;109;88;51;22;201;1362.1;0;0;-30
Harrison Barnes;SF;SAC;27;54;21;33;1871;783;271;600;45.2;71;196;36.2;170;212;80.2;52;212;264;120;65;30;8;67;1328.8;3;0;-67
Paul George;SF;LAC;29;34;23;11;1001;739;243;570;42.6;111;282;39.4;142;158;89.9;15;192;207;133;102;45;18;83;1273.9;5;0;152
Miles Bridges;SF;CHA;21;54;18;36;1657;704;269;610;44.1;84;246;34.1;82;103;79.6;76;223;299;91;83;34;40;115;1338.3;4;0;-384
Taurean Prince;SF;BKN;25;53;25;28;1573;659;238;622;38.3;128;366;35;55;71;77.5;43;287;330;106;105;49;21;127;1319;8;0;87
De'Andre Hunter;SF;ATL;22;53;15;38;1674;647;236;576;41;87;252;34.5;88;116;75.9;29;181;210;96;85;41;15;146;1126;1;0;-253
Gordon Hayward;SF;BOS;29;37;25;12;1227;639;249;494;50.4;60;153;39.2;81;92;88;41;208;249;151;64;27;17;66;1232.3;7;0;225
Glenn Robinson III;SF;PHI;26;50;12;38;1541;635;252;519;48.6;68;172;39.5;63;74;85.1;67;161;228;86;51;45;15;84;1166.6;1;0;-280
Cedi Osman;SF;CLE;24;54;14;40;1560;582;219;495;44.2;99;259;38.2;45;70;64.3;26;159;185;126;76;45;15;131;1097;1;0;-300
OG Anunoby;SF;TOR;22;54;39;15;1574;553;221;443;49.9;68;183;37.2;43;65;66.2;60;231;291;83;65;64;35;128;1258.7;5;0;181
Joe Ingles;SF;UTA;32;54;36;18;1628;542;189;436;43.3;108;273;39.6;56;71;78.9;19;199;218;280;102;49;7;115;1289.6;2;0;237
Josh Hart;SF;NOP;24;48;19;29;1351;510;175;414;42.3;99;280;35.4;61;79;77.2;47;260;307;77;55;52;19;126;1151.9;7;0;-21
Danuel House Jr.;SF;HOU;26;48;30;18;1487;509;174;413;42.1;101;269;37.5;60;76;78.9;52;164;216;61;42;55;27;101;1063.7;2;0;117
Jae Crowder;SF;MIA;29;48;21;27;1413;501;164;428;38.3;90;286;31.5;83;104;79.8;43;256;299;129;56;53;15;92;1201.3;6;0;-106
Cam Reddish;SF;ATL;20;48;12;36;1247;446;153;434;35.3;62;196;31.6;78;99;78.8;30;149;179;74;78;49;22;110;906.8;0;0;-263
Mikal Bridges;SF;PHX;23;55;22;33;1413;444;165;326;50.6;41;119;34.5;73;89;82;47;169;216;88;53;81;31;120;1118.2;0;0;29
Kent Bazemore;SF;SAC;30;54;24;30;1333;434;144;408;35.3;66;201;32.8;80;103;77.7;21;196;217;72;72;56;35;149;1003.4;0;0;-6
Rui Hachimura;SF;WAS;22;30;11;19;864;416;173;355;48.7;13;55;23.6;57;69;82.6;46;133;179;46;27;22;5;66;753.8;3;0;-186
Tony Snell;SF;DET;28;50;17;33;1373;406;147;326;45.1;91;221;41.2;21;21;100;7;82;89;94;24;23;12;82;734.8;0;0;-140
Jonathan Isaac;SF;ORL;22;32;13;19;949;384;149;322;46.3;30;91;33;56;73;76.7;57;165;222;44;47;50;78;79;1053.4;5;0;10
Kevin Knox II;SF;NYK;20;54;17;37;988;365;126;342;36.8;57;175;32.6;56;86;65.1;20;136;156;51;35;20;21;84;716.7;0;0;-193
Derrick Jones Jr.;SF;MIA;23;40;25;15;988;348;123;249;49.4;28;98;28.6;74;95;77.9;40;127;167;36;25;40;28;89;781.4;0;0;-62
Rondae Hollis-Jefferson;SF;TOR;25;43;30;13;841;326;121;254;47.6;2;16;12.5;82;113;72.6;85;126;211;76;41;41;17;92;826.2;2;0;82
Cameron Johnson;SF;PHX;23;42;18;24;832;325;111;270;41.1;73;187;39;30;40;75;36;86;122;45;26;24;13;59;623.9;0;0;-44
Trevor Ariza;SF;POR;34;43;18;25;1137;303;105;246;42.7;58;160;36.3;35;42;83.3;28;168;196;69;37;54;11;87;799.7;0;0;-32
James Ennis III;SF;ORL;29;51;33;18;806;298;104;235;44.3;38;109;34.9;52;67;77.6;51;105;156;42;33;23;14;87;626.2;0;0;18
Justin Jackson;SF;DAL;24;49;31;18;788;285;108;274;39.4;40;133;30.1;29;34;85.3;22;95;117;33;11;9;6;53;508.9;0;0;-5
Solomon Hill;SF;MIA;28;48;25;23;901;274;96;233;41.2;56;147;38.1;26;38;68.4;24;120;144;94;40;31;7;73;661.8;0;0;-55
Keita Bates-Diop;SF;DEN;24;39;10;29;665;258;89;208;42.8;31;94;33;49;69;71;21;91;112;30;14;17;21;38;537.4;0;0;-159
Vince Carter;SF;ATL;43;49;14;35;749;258;92;260;35.4;51;174;29.3;23;29;79.3;14;93;107;44;30;19;24;78;551.4;0;0;-117
Kyle Anderson;SF;MEM;26;48;26;22;868;255;106;213;49.8;8;41;19.5;35;54;64.8;45;154;199;103;41;36;24;72;787.3;0;0;-82
Isaac Bonga;SF;WAS;20;48;18;30;850;231;84;157;53.5;18;43;41.9;45;57;78.9;51;105;156;53;33;33;18;113;617.7;0;0;15
Rodney Hood;SF;POR;27;21;8;13;619;230;87;172;50.6;35;71;49.3;21;27;77.8;10;62;72;32;19;17;4;46;408.4;0;0;5
Abdel Nader;SF;OKC;26;39;26;13;589;223;79;172;45.9;29;85;34.1;36;46;78.3;10;51;61;25;32;16;12;50;385.7;0;0;-57
Chandler Hutchison;SF;CHI;23;28;8;20;527;218;80;175;45.7;12;38;31.6;46;78;59;18;90;108;26;27;27;7;47;461.6;0;0;-144
Wes Iwundu;SF;ORL;25;41;18;23;749;210;68;178;38.2;20;62;32.3;54;66;81.8;22;84;106;44;17;25;10;60;491.2;0;0;-2
Torrey Craig;SF;DEN;29;42;31;11;760;207;79;175;45.1;29;91;31.9;20;31;64.5;42;100;142;28;19;15;28;95;529.4;2;0;-86
Sekou Doumbouya;SF;DET;19;29;9;20;571;196;73;185;39.5;23;75;30.7;27;38;71.1;16;81;97;11;31;17;7;61;369.9;2;0;-73
Mario Hezonja;SF;POR;24;39;16;23;633;175;60;156;38.5;15;53;28.3;40;49;81.6;23;118;141;30;29;24;6;86;450.2;1;0;-150
Cody Martin;SF;CHA;24;37;11;26;591;166;61;141;43.3;14;54;25.9;30;45;66.7;28;76;104;50;25;27;6;57;439.8;0;0;-48
Alfonzo McKinnie;SF;CLE;27;37;9;28;531;158;63;152;41.4;12;59;20.3;20;29;69;31;71;102;13;23;21;6;64;357.9;1;0;-64
Patrick McCaw;SF;TOR;24;31;23;8;747;153;60;137;43.8;21;58;36.2;12;16;75;16;51;67;70;25;33;4;48;424.4;1;0;14
Rodions Kurucs;SF;BKN;22;32;10;22;424;153;57;116;49.1;25;54;46.3;14;22;63.6;16;61;77;29;32;13;2;57;301.9;0;0;-10
Nassir Little;SF;POR;20;39;18;21;495;149;55;128;43;13;51;25.5;26;39;66.7;29;70;99;18;15;10;14;62;351.8;1;0;-31
Kelan Martin;SF;MIN;24;22;9;13;370;130;50;131;38.2;18;68;26.5;12;12;100;7;65;72;10;12;6;7;40;258.4;0;0;-13
Justise Winslow;SF;MEM;23;11;7;4;352;124;50;129;38.8;6;27;22.2;18;27;66.7;16;57;73;44;24;7;5;38;289.6;1;0;52
Otto Porter Jr.;SF;CHI;26;9;3;6;226;101;35;84;41.7;16;40;40;15;20;75;8;23;31;14;7;9;3;20;188.2;0;0;7
Thabo Sefolosha;SF;HOU;35;38;25;13;409;90;37;85;43.5;15;51;29.4;1;6;16.7;21;69;90;24;14;20;12;42;316;0;0;8
Admiral Schofield;SF;WAS;22;26;8;18;292;83;30;75;40;14;47;29.8;9;13;69.2;6;28;34;14;7;8;3;41;170.8;0;0;-32
Nicolas Batum;SF;CHA;31;22;6;16;505;79;28;81;34.6;14;49;28.6;9;10;90;25;75;100;66;22;17;8;41;351;0;0;-48
JaKarr Sampson;SF;IND;26;18;10;8;248;76;35;59;59.3;2;11;18.2;4;10;40;11;32;43;4;6;6;8;30;169.6;0;0;0
Bruno Caboclo;SF;HOU;24;22;7;15;192;62;28;69;40.6;4;25;16;2;3;66.7;17;27;44;10;7;10;12;23;188.8;1;0;-19
Jared Dudley;SF;LAL;34;36;26;10;297;58;20;48;41.7;16;33;48.5;2;2;100;5;35;40;18;6;11;3;36;169;0;0;2
Michael Kidd-Gilchrist;SF;DAL;26;12;4;8;160;48;18;53;34;5;17;29.4;7;9;77.8;9;26;35;10;7;0;3;18;107;0;0;22
Norvel Pelle;SF;PHI;27;16;10;6;164;40;17;29;58.6;0;0;0;6;12;50;14;40;54;7;12;1;23;35;175.3;0;0;-46
Jaylen Hoard;SF;POR;20;13;7;6;103;38;15;32;46.9;0;3;0;8;13;61.5;14;18;32;4;4;5;0;12;93.4;0;0;10
DeMarre Carroll;SF;SAS;33;15;7;8;135;33;9;29;31;3;13;23.1;12;20;60;7;24;31;11;10;2;2;20;88.7;0;0;19
Oshae Brissett;SF;TOR;21;17;13;4;128;33;12;34;35.3;3;15;20;6;8;75;9;14;23;5;7;4;1;18;76.1;0;0;25
Thanasis Antetokounmpo;SF;MIL;27;15;13;2;61;30;13;23;56.5;0;3;0;4;9;44.4;6;1;7;6;5;2;1;9;51.4;0;0;-11
Dragan Bender;SF;MIL;22;7;7;0;91;26;10;21;47.6;4;9;44.4;2;3;66.7;0;20;20;9;5;0;5;16;73.5;0;0;44
Caleb Martin;SF;CHA;24;8;2;6;99;22;8;25;32;2;8;25;4;7;57.1;2;11;13;5;4;3;2;13;56.1;0;0;-4
Stanley Johnson;SF;TOR;23;17;13;4;84;21;8;28;28.6;2;12;16.7;3;4;75;3;15;18;6;8;3;2;8;58.6;0;0;-19
Ignas Brazdeikis;SF;NYK;21;9;1;8;53;17;6;22;27.3;1;9;11.1;4;5;80;2;3;5;4;2;0;1;3;30;0;0;-12
Vlatko Cancar;SF;DEN;22;11;6;5;38;15;5;11;45.5;1;5;20;4;4;100;3;5;8;3;3;1;1;6;32.1;0;0;1
Chandler Parsons;SF;ATL;31;5;0;5;54;14;5;18;27.8;4;14;28.6;0;0;0;1;6;7;3;3;4;1;3;38.9;0;0;-40
BJ Johnson;SF;ORL;24;8;4;4;46;13;5;18;27.8;1;6;16.7;2;2;100;1;5;6;2;3;2;0;0;26.2;0;0;-23
Juan Toscano-Anderson;SF;GSW;26;3;0;3;47;12;5;10;50;2;2;100;0;0;0;0;7;7;3;3;3;0;3;30.9;0;0;-32
KZ Okpala;SF;MIA;20;5;2;3;26;7;3;5;60;0;1;0;1;2;50;1;4;5;1;1;2;1;2;22.5;0;0;-15
Keldon Johnson;SF;SAS;20;4;1;3;12;4;2;5;40;0;0;0;0;0;0;0;3;3;0;0;0;0;0;7.6;0;0;9
Zylan Cheatham;SF;NOP;24;3;2;1;31;4;2;5;40;0;1;0;0;0;0;1;5;6;2;3;0;1;5;14.2;0;0;-30
Isaiah Roby;SF;OKC;22;1;1;0;2;0;0;1;0;0;0;0;0;0;0;0;0;0;0;0;0;0;0;0;0;0;-6
Stanton Kidd;SF;UTA;27;4;3;1;15;0;0;3;0;0;1;0;0;0;0;0;3;3;1;2;0;0;3;3.1;0;0;-1
James Harden;SG;HOU;30;51;33;18;1891;1800;517;1183;43.7;234;654;35.8;532;612;86.9;55;278;333;374;229;83;49;174;2927.6;17;3;217
Zach LaVine;SG;CHI;24;55;19;36;1898;1392;483;1077;44.8;168;436;38.5;258;313;82.4;38;228;266;228;181;79;25;117;2184.2;2;0;-161
Devin Booker;SG;PHX;23;52;22;30;1866;1374;463;932;49.7;101;282;35.8;347;377;92;26;192;218;329;202;39;13;156;2083.1;6;0;72
Bradley Beal;SG;WAS;26;46;16;30;1635;1340;459;1011;45.4;117;363;32.2;305;362;84.3;45;158;203;285;148;48;18;99;2061.1;7;0;-176
Donovan Mitchell;SG;UTA;23;53;35;18;1825;1288;477;1044;45.7;129;355;36.3;205;238;86.1;36;193;229;227;143;59;11;129;1970.3;1;0;159
DeMar DeRozan;SG;SAS;30;52;22;30;1783;1196;445;834;53.4;8;29;27.6;298;353;84.4;33;261;294;270;128;55;12;144;2026.8;4;0;-110
Spencer Dinwiddie;SG;BKN;26;53;25;28;1654;1111;363;871;41.7;102;330;30.9;283;365;77.5;27;157;184;349;143;35;17;149;1868.3;7;0;91
CJ McCollum;SG;POR;28;52;24;28;1856;1107;440;986;44.6;140;366;38.3;87;116;75;32;171;203;195;91;38;33;133;1765.1;1;0;7
Buddy Hield;SG;SAC;27;54;21;33;1805;1102;401;930;43.1;207;537;38.5;93;112;83;52;218;270;175;133;46;16;135;1741.5;2;0;-99
Shai Gilgeous-Alexander;SG;OKC;21;55;33;22;1955;1071;387;832;46.5;69;197;35;228;282;80.9;39;295;334;177;103;64;36;94;1934.3;7;1;142
Lou Williams;SG;LAC;33;52;35;17;1562;1014;331;803;41.2;93;266;35;259;300;86.3;23;140;163;308;152;33;10;72;1648.6;2;0;135
Evan Fournier;SG;ORL;27;54;23;31;1713;1008;355;769;46.2;144;353;40.8;154;186;82.8;12;132;144;171;110;58;10;134;1531.3;0;0;-81
Jaylen Brown;SG;BOS;23;44;30;14;1480;889;328;662;49.5;91;239;38.1;142;191;74.3;47;234;281;97;106;49;12;130;1448.7;6;0;165
Jrue Holiday;SG;NOP;29;46;19;27;1594;886;349;791;44.1;92;265;34.7;96;136;70.6;57;159;216;301;134;77;40;96;1813.7;8;0;-40
D'Angelo Russell;SG;MIN;23;35;8;27;1128;827;289;670;43.1;128;338;37.9;121;152;79.6;15;113;128;222;110;34;10;69;1335.6;2;0;-240
Jordan Clarkson;SG;UTA;27;53;26;27;1277;812;294;634;46.4;115;304;37.8;109;130;83.8;36;99;135;111;64;32;14;74;1214.5;0;0;-42
Fred VanVleet;SG;TOR;25;45;33;12;1621;809;273;662;41.2;124;313;39.6;139;165;84.2;18;150;168;306;104;86;13;105;1662.6;6;0;156
JJ Redick;SG;NOP;35;50;21;29;1359;784;244;537;45.4;152;332;45.8;144;160;90;9;123;132;99;61;19;8;78;1110.9;0;0;-12
Kendrick Nunn;SG;MIA;24;51;34;17;1532;782;310;706;43.9;99;290;34.1;63;76;82.9;14;125;139;177;89;44;10;113;1287.3;0;0;76
Alec Burks;SG;PHI;28;49;12;37;1404;775;245;605;40.5;84;226;37.2;201;224;89.7;37;189;226;153;76;50;17;108;1400.7;1;0;-260
Tim Hardaway Jr.;SG;DAL;27;52;32;20;1424;767;267;617;43.3;143;355;40.3;90;111;81.1;20;135;155;103;48;32;4;90;1167.5;0;0;296
Will Barton;SG;DEN;29;48;33;15;1598;725;276;618;44.7;87;228;38.2;86;113;76.1;71;240;311;179;67;52;24;98;1527.7;7;0;228
Joe Harris;SG;BKN;28;52;25;27;1634;720;271;579;46.8;126;309;40.8;52;70;74.3;47;178;225;109;73;34;14;118;1224.5;0;0;136
Terrence Ross;SG;ORL;29;53;23;30;1419;708;241;623;38.7;118;367;32.2;108;129;83.7;11;150;161;58;53;59;19;75;1169.2;0;0;-95
Markelle Fultz;SG;ORL;21;54;24;30;1523;643;263;565;46.5;27;100;27;90;120;75;25;163;188;268;110;72;9;103;1403.6;3;1;-35
Bogdan Bogdanovic;SG;SAC;27;43;19;24;1213;620;225;524;42.9;112;306;36.6;58;83;69.9;15;121;136;134;77;40;11;91;1060.2;2;0;-88
RJ Barrett;SG;NYK;19;45;13;32;1372;614;221;570;38.8;48;151;31.8;124;203;61.1;45;184;229;109;94;44;16;102;1138.3;2;0;-291
Tyler Herro;SG;MIA;20;46;31;15;1273;603;219;529;41.4;99;252;39.3;66;79;83.5;14;172;186;91;72;29;7;58;998.7;0;0;-6
Bryn Forbes;SG;SAS;26;54;23;31;1367;597;207;509;40.7;124;330;37.6;59;71;83.1;12;99;111;103;47;29;0;100;924.7;0;0;-151
Josh Richardson;SG;PHI;26;41;25;16;1264;597;220;503;43.7;64;189;33.9;93;117;79.5;32;100;132;132;86;38;26;107;1059.4;0;0;107
Seth Curry;SG;DAL;29;51;30;21;1203;588;208;434;47.9;107;246;43.5;65;73;89;23;92;115;99;46;29;8;84;939.5;0;0;118
Norman Powell;SG;TOR;26;38;29;9;1072;581;210;422;49.8;77;192;40.1;84;100;84;22;125;147;64;57;48;14;76;982.4;0;0;157
Langston Galloway;SG;DET;28;57;19;38;1480;577;199;461;43.2;113;286;39.5;66;77;85.7;27;98;125;89;34;41;10;79;979.5;0;0;-86
Jeremy Lamb;SG;IND;27;44;26;18;1261;566;214;465;46;53;154;34.4;85;101;84.2;23;172;195;92;49;52;21;102;1108;2;0;15
Kevin Huerter;SG;ATL;21;45;14;31;1364;552;201;481;41.8;103;263;39.2;47;57;82.5;27;157;184;152;74;37;21;109;1100.8;1;0;-205
Ben McLemore;SG;HOU;27;54;34;20;1276;551;186;427;43.6;135;354;38.1;44;58;75.9;17;101;118;49;42;34;12;110;862.1;1;0;192
Marcus Smart;SG;BOS;25;43;29;14;1358;539;181;472;38.3;98;278;35.3;79;95;83.2;30;124;154;203;70;70;21;110;1231.3;0;0;188
Furkan Korkmaz;SG;PHI;22;54;33;21;1151;516;187;428;43.7;105;268;39.2;37;52;71.2;15;107;122;52;39;29;13;74;827.4;0;0;97
Malik Monk;SG;CHA;22;52;17;35;1086;516;196;447;43.8;53;186;28.5;71;87;81.6;24;122;146;106;72;24;16;68;898.2;1;0;-192
Troy Brown Jr.;SG;WAS;20;50;19;31;1292;511;198;432;45.8;40;120;33.3;75;99;75.8;55;227;282;116;52;67;5;94;1187.4;4;0;-126
Kentavious Caldwell-Pope;SG;LAL;26;53;41;12;1343;504;180;383;47;76;183;41.5;68;83;81.9;34;77;111;92;45;42;11;94;889.2;0;0;182
Anfernee Simons;SG;POR;20;55;24;31;1220;502;187;451;41.5;64;188;34;64;78;82.1;22;114;136;83;53;17;9;108;814.7;1;0;-220
Garrett Temple;SG;BKN;33;48;24;24;1353;489;171;456;37.5;98;301;32.6;49;65;75.4;25;134;159;118;52;38;21;86;981.8;0;0;-51
Bruce Brown;SG;DET;23;54;18;36;1507;472;179;407;44;30;89;33.7;84;115;73;54;191;245;209;95;62;29;150;1257.5;3;0;-119
Jarrett Culver;SG;MIN;20;52;16;36;1268;472;187;482;38.8;52;188;27.7;46;99;46.5;59;117;176;94;70;51;35;103;1012.2;0;0;-50
Gary Harris;SG;DEN;25;46;32;14;1476;470;176;440;40;55;184;29.9;63;76;82.9;21;112;133;100;48;61;11;98;947.6;0;0;126
Damion Lee;SG;GSW;27;39;9;30;1090;468;160;387;41.3;58;163;35.6;90;102;88.2;30;160;190;96;52;38;3;91;911;3;0;-84
Justin Holiday;SG;IND;30;55;32;23;1395;455;157;362;43.4;100;240;41.7;41;52;78.8;29;157;186;81;29;57;35;99;1046.7;0;0;86
Donte DiVincenzo;SG;MIL;23;49;44;5;1124;451;172;377;45.6;62;180;34.4;45;58;77.6;49;182;231;108;60;73;14;81;1091.2;0;0;386
Danny Green;SG;LAL;32;52;40;12;1299;449;159;377;42.2;99;262;37.8;32;44;72.7;38;142;180;69;46;64;25;112;989.5;0;0;256
Luke Kennard;SG;DET;23;28;11;17;922;442;151;342;44.2;73;183;39.9;67;75;89.3;9;89;98;115;43;12;6;65;743.1;0;0;-22
Josh Okogie;SG;MIN;21;51;16;35;1247;440;139;337;41.2;33;132;25;129;163;79.1;70;152;222;80;74;57;21;108;986.4;0;0;-108
Terence Davis;SG;TOR;22;55;40;15;954;437;160;337;47.5;80;191;41.9;37;42;88.1;44;149;193;95;54;30;11;92;880.1;1;0;234
Caris LeVert;SG;BKN;25;28;13;15;763;427;158;391;40.4;41;109;37.6;70;99;70.7;25;76;101;100;74;26;5;50;717.2;0;0;-23
Eric Gordon;SG;HOU;31;28;17;11;823;427;140;374;37.4;82;247;33.2;65;89;73;7;49;56;41;28;17;11;55;611.7;0;0;6
Austin Rivers;SG;HOU;27;50;33;17;1181;424;152;369;41.2;67;199;33.7;53;77;68.8;19;103;122;77;30;33;9;91;781.9;0;0;76
Svi Mykhailiuk;SG;DET;22;47;16;31;1037;418;137;318;43.1;95;225;42.2;49;57;86;13;66;79;76;47;30;4;69;681.8;0;0;26
Kevin Porter Jr.;SG;CLE;19;42;12;30;952;411;157;342;45.9;43;124;34.7;54;76;71.1;17;116;133;83;78;38;7;113;752.1;0;0;-242
Landry Shamet;SG;LAC;22;38;24;14;1111;403;132;303;43.6;94;229;41;45;49;91.8;4;75;79;70;30;15;8;113;641.8;0;0;87
E'Twaun Moore;SG;NOP;30;42;21;21;841;400;160;374;42.8;55;147;37.4;25;39;64.1;27;82;109;64;31;23;8;65;688.8;0;0;13
Malik Beasley;SG;MIN;23;44;27;17;844;391;141;357;39.5;72;194;37.1;37;43;86;13;84;97;57;43;33;6;58;666.9;1;0;51
Delon Wright;SG;DAL;27;53;32;21;1116;385;145;313;46.3;34;93;36.6;61;79;77.2;58;145;203;179;49;56;18;67;1070.1;1;0;4
Wesley Matthews;SG;MIL;33;51;43;8;1254;383;130;320;40.6;82;221;37.1;41;53;77.4;11;115;126;71;36;30;9;76;721.7;0;0;358
Jordan McRae;SG;DEN;28;31;11;20;679;379;135;322;41.9;42;110;38.2;67;87;77;18;91;109;86;38;20;16;63;708.8;0;0;-27
Jordan Poole;SG;GSW;20;48;10;38;1033;376;120;407;29.5;58;219;26.5;78;93;83.9;6;92;98;95;49;30;9;76;704.1;0;0;-126
Avery Bradley;SG;LAL;29;39;28;11;911;332;136;296;45.9;44;119;37;16;20;80;17;70;87;45;37;31;3;91;568.9;0;0;101
Damyean Dotson;SG;NYK;25;45;14;31;783;302;113;267;42.3;54;151;35.8;22;32;68.8;8;73;81;53;20;21;4;41;533.7;0;0;-75
Kyle Korver;SG;MIL;38;47;40;7;783;301;99;237;41.8;77;189;40.7;26;31;83.9;12;85;97;55;39;20;11;61;553.9;0;0;138
Gary Trent Jr.;SG;POR;21;43;19;24;767;294;106;247;42.9;63;156;40.4;19;21;90.5;18;48;66;38;12;29;10;54;535.2;0;0;-58
Alex Caruso;SG;LAL;25;50;39;11;908;273;94;224;42;34;94;36.2;51;65;78.5;11;83;94;87;41;52;14;79;673.3;0;0;195
Lonnie Walker IV;SG;SAS;21;46;21;25;634;264;102;233;43.8;24;62;38.7;36;51;70.6;18;76;94;34;27;24;8;57;496.8;0;0;7
Marco Belinelli;SG;SAS;33;47;21;26;710;256;89;240;37.1;46;133;34.6;32;41;78;3;73;76;61;14;9;0;38;451.7;0;0;26
DeAndre' Bembry;SG;ATL;25;43;10;33;915;249;104;228;45.6;15;65;23.1;26;48;54.2;34;118;152;81;60;55;19;84;714.9;2;0;-257
Pat Connaughton;SG;MIL;27;50;44;6;914;247;97;214;45.3;35;110;31.8;18;25;72;44;176;220;79;40;15;26;49;712.5;0;0;98
Matisse Thybulle;SG;PHI;22;47;31;16;954;231;80;196;40.8;47;126;37.3;24;37;64.9;25;49;74;57;40;68;40;107;689.3;0;0;4
Dwayne Bacon;SG;CHA;24;39;10;29;687;224;85;244;34.8;19;67;28.4;35;53;66;15;85;100;52;37;23;2;52;460;0;0;-132
Grayson Allen;SG;MEM;24;30;14;16;498;221;79;176;44.9;33;91;36.3;30;35;85.7;5;61;66;43;23;6;1;36;362.7;0;0;-71
Nickeil Alexander-Walker;SG;NOP;21;41;18;23;501;211;77;227;33.9;40;117;34.2;17;28;60.7;8;72;80;74;40;11;7;46;432;0;0;-62
Reggie Bullock;SG;NYK;28;21;8;13;545;206;80;200;40;33;100;33;13;15;86.7;12;40;52;31;13;23;0;48;370.9;0;0;-63
Hamidou Diallo;SG;OKC;21;32;17;15;606;205;87;193;45.1;5;29;17.2;26;39;66.7;25;84;109;19;33;25;6;68;424.3;2;0;-7
Treveon Graham;SG;ATL;26;45;17;28;784;198;70;202;34.7;25;100;25;33;45;73.3;34;87;121;31;23;20;5;81;441.7;0;0;-114
Sterling Brown;SG;MIL;25;37;30;7;556;197;70;181;38.7;31;92;33.7;26;33;78.8;26;121;147;36;31;21;5;40;474.4;1;0;109
Terrance Ferguson;SG;OKC;21;41;23;18;1024;186;67;173;38.7;42;134;31.3;10;13;76.9;21;45;66;40;26;23;12;128;404.2;0;0;-67
Denzel Valentine;SG;CHI;26;30;10;20;366;173;66;164;40.2;36;101;35.6;5;5;100;4;53;57;34;20;20;5;40;347.4;0;0;-14
Allen Crabbe;SG;MIN;27;36;5;31;642;172;63;175;36;36;117;30.8;10;14;71.4;11;66;77;33;16;15;4;46;354.9;0;0;-217
Troy Daniels;SG;LAL;28;39;30;9;446;169;60;153;39.2;39;108;36.1;10;15;66.7;12;32;44;14;9;8;3;30;266.8;0;0;-4
Dzanan Musa;SG;BKN;20;35;17;18;404;148;50;139;36;15;65;23.1;33;44;75;19;52;71;31;29;13;1;25;292.7;0;0;-41
Marko Guduric;SG;MEM;24;33;14;19;434;148;53;138;38.4;21;71;29.6;21;23;91.3;12;50;62;40;34;11;7;31;302.4;0;0;-45
Timothe Luwawu-Cabarrot;SG;BKN;24;28;10;18;423;146;46;112;41.1;24;61;39.3;30;38;78.9;12;47;59;14;21;13;2;48;261.8;0;0;-105
Rodney McGruder;SG;LAC;28;43;28;15;707;145;56;146;38.4;20;74;27;13;26;50;25;97;122;29;19;22;8;66;405.9;0;0;17
Wayne Ellington;SG;NYK;32;28;5;23;429;144;48;134;35.8;37;107;34.6;11;13;84.6;4;42;46;28;15;11;2;28;265.2;0;0;-20
Shake Milton;SG;PHI;23;22;14;8;328;138;48;112;42.9;19;57;33.3;23;30;76.7;6;39;45;33;23;9;1;41;248.5;0;0;-22
Jerome Robinson;SG;WAS;22;45;31;14;531;136;51;151;33.8;22;75;29.3;12;21;57.1;5;68;73;50;28;14;8;62;336.6;0;0;28
Jacob Evans;SG;MIN;22;28;8;20;415;128;45;133;33.8;13;38;34.2;25;29;86.2;9;32;41;31;25;11;12;41;267.7;0;0;-111
Javonte Green;SG;BOS;26;41;29;12;375;125;48;94;51.1;6;23;26.1;23;36;63.9;16;53;69;21;16;22;5;36;304.3;0;0;7
Allonzo Trier;SG;NYK;24;20;2;18;246;120;37;85;43.5;15;46;32.6;31;39;79.5;4;22;26;24;20;2;4;24;185.2;0;0;-78
Theo Pinson;SG;BKN;24;28;12;16;342;118;44;150;29.3;15;77;19.5;15;16;93.8;10;38;48;52;32;15;2;33;272.6;0;0;-28
Matt Thomas;SG;TOR;25;24;18;6;250;109;39;80;48.8;26;54;48.1;5;7;71.4;4;29;33;13;8;7;0;21;181.1;0;0;8
David Nwaba;SG;BKN;27;20;8;12;268;104;37;71;52.1;12;28;42.9;18;27;66.7;8;37;45;8;8;11;12;32;231;0;0;35
Garrison Mathews;SG;WAS;23;16;7;9;202;93;23;50;46;18;42;42.9;29;32;90.6;6;17;23;10;7;3;1;26;140.6;0;0;47
Justin James;SG;SAC;23;31;11;20;216;85;33;78;42.3;9;26;34.6;10;21;47.6;6;24;30;16;8;6;9;16;182;0;0;-10
Deonte Burton;SG;OKC;26;30;18;12;254;81;34;93;36.6;7;39;17.9;6;12;50;5;34;39;10;9;4;9;26;172.8;0;0;-49
Victor Oladipo;SG;IND;27;7;2;5;175;78;28;85;32.9;10;41;24.4;12;15;80;6;8;14;20;12;4;1;9;127.8;0;0;-38
Ryan Broekhoff;SG;DAL;29;17;10;7;180;71;22;59;37.3;20;51;39.2;7;8;87.5;5;38;43;11;6;5;4;15;160.1;0;0;8
CJ Miles;SG;WAS;32;10;4;6;161;64;19;59;32.2;11;35;31.4;15;20;75;4;8;12;12;4;10;4;14;134.4;0;0;-8
Courtney Lee;SG;DAL;34;14;9;5;142;57;22;39;56.4;13;24;54.2;0;0;0;2;7;9;5;3;4;3;13;93.3;0;0;8
Terance Mann;SG;LAC;23;34;22;12;271;56;22;54;40.7;3;12;25;9;12;75;4;29;33;38;14;8;5;36;177.6;0;0;6
Iman Shumpert;SG;BKN;29;13;9;4;241;54;21;64;32.8;8;33;24.2;4;7;57.1;9;25;34;12;10;12;2;21;144.8;0;0;-52
Romeo Langford;SG;BOS;20;18;15;3;184;54;19;39;48.7;4;15;26.7;12;16;75;6;12;18;3;5;5;6;17;108.1;0;0;52
Kadeem Allen;SG;NYK;27;10;3;7;117;50;19;44;43.2;5;16;31.3;7;11;63.6;2;7;9;21;8;5;2;7;105.3;0;0;-21
Josh Jackson;SG;MEM;23;7;5;2;123;42;15;41;36.6;3;18;16.7;9;13;69.2;5;22;27;6;10;6;1;10;94.4;0;0;25
Jaylen Nowell;SG;MIN;20;9;2;7;102;40;14;39;35.9;3;20;15;9;10;90;2;7;9;11;3;0;1;6;67.3;0;0;-5
Tyrone Wallace;SG;ATL;25;14;3;11;160;40;14;44;31.8;1;15;6.7;11;17;64.7;3;19;22;13;10;7;1;19;99.9;0;0;-32
Dion Waiters;SG;MIA;28;3;1;2;42;28;10;26;38.5;8;17;47.1;0;1;0;0;11;11;3;3;0;2;5;48.7;0;0;12
Charles Brown Jr.;SG;ATL;23;10;1;9;40;20;6;19;31.6;3;9;33.3;5;5;100;2;2;4;2;3;2;2;3;36.8;0;0;28
Malcolm Miller;SG;TOR;26;22;19;3;117;20;7;21;33.3;5;16;31.3;1;6;16.7;1;13;14;8;3;4;2;11;63.8;0;0;43
Melvin Frazier Jr.;SG;ORL;23;14;4;10;48;18;6;17;35.3;4;7;57.1;2;4;50;1;3;4;1;2;4;2;8;40.3;0;0;4
Yuta Watanabe;SG;MEM;25;9;4;5;49;16;6;14;42.9;2;4;50;2;4;50;1;7;8;1;1;1;1;5;32.1;0;0;21
Naz Mitrou-Long;SG;IND;26;3;2;1;43;14;6;16;37.5;2;11;18.2;0;0;0;0;6;6;7;2;1;1;1;35.7;0;0;18
Andre Iguodala;SG;MIA;36;3;1;2;63;13;5;9;55.6;3;7;42.9;0;0;0;5;11;16;7;4;1;1;7;44.7;0;0;23
Michael Frazier;SG;HOU;25;7;4;3;60;12;3;9;33.3;2;7;28.6;4;6;66.7;1;2;3;1;2;2;0;11;21.1;0;0;-23
Zach Norvell Jr.;SG;GSW;22;5;2;3;41;10;3;12;25;3;8;37.5;1;1;100;0;6;6;3;3;2;0;4;24.7;0;0;-27
Zhaire Smith;SG;PHI;20;7;3;4;32;8;3;11;27.3;0;3;0;2;4;50;0;2;2;2;2;3;0;4;20.4;0;0;-10
DaQuan Jeffries;SG;SAC;22;6;1;5;19;7;3;7;42.9;1;4;25;0;0;0;1;0;1;1;0;1;0;3;12.7;0;0;1
John Konchar;SG;MEM;23;6;3;3;34;7;3;5;60;0;2;0;1;1;100;0;2;2;3;0;0;0;1;13.9;0;0;-3
Antonius Cleveland;SG;DAL;26;6;4;2;22;5;2;6;33.3;0;1;0;1;2;50;0;3;3;0;1;1;1;2;13.6;0;0;-11
Devon Hall;SG;OKC;24;5;3;2;20;5;1;5;20;0;2;0;3;4;75;0;1;1;3;1;0;0;1;9.7;0;0;20
Max Strus;SG;CHI;23;2;0;2;6;5;2;3;66.7;0;1;0;1;1;100;1;0;1;0;0;0;0;1;6.2;0;0;15
Daryl Macon;SG;MIA;24;4;4;0;14;3;1;3;33.3;1;2;50;0;0;0;0;0;0;1;2;0;0;1;2.5;0;0;0
Marial Shayok;SG;PHI;24;2;1;1;10;3;1;5;20;1;3;33.3;0;0;0;0;3;3;1;1;0;0;0;7.1;0;0;-10
Brian Bowen II;SG;IND;21;3;2;1;10;2;1;4;25;0;1;0;0;0;0;0;1;1;0;0;0;1;0;6.2;0;0;3
Kyle Guy;SG;SAC;22;2;1;1;4;2;1;2;50;0;1;0;0;0;0;0;0;0;0;0;0;0;0;2;0;0;-3
Malik Newman;SG;CLE;22;1;0;1;4;2;0;2;0;0;1;0;2;2;100;0;0;0;0;1;0;0;0;1;0;0;-3
Khyri Thomas;SG;DET;23;2;1;1;6;1;0;0;0;0;0;0;1;2;50;0;0;0;0;0;0;0;0;1;0;0;-4
Paul Watson;SG;TOR;25;4;2;2;22;1;0;7;0;0;3;0;1;2;50;0;3;3;4;0;1;0;1;13.6;0;0;7
Miye Oni;SG;UTA;22;3;2;1;8;0;0;0;0;0;0;0;0;0;0;0;1;1;0;1;0;0;0;0.2;0;0;-12
Quinndary Weatherspoon;SG;SAS;23;1;0;1;4;0;0;1;0;0;0;0;0;0;0;0;0;0;0;0;0;0;0;0;0;0;-3
Talen Horton-Tucker;SG;LAL;19;2;1;1;5;0;0;1;0;0;1;0;0;0;0;0;0;0;2;0;1;0;0;6;0;0;-7
William Howard;SG;HOU;26;2;1;1;13;0;0;4;0;0;4;0;0;0;0;0;2;2;1;1;0;0;1;2.9;0;0;-16
J.P. Macura;SG;CLE;24;1;1;0;1;0;0;0;0;0;0;0;0;0;0;0;0;0;0;0;0;0;0;0;0;0;3
